7797118989
5343369428
7083953274
5352989759
3281575545
7605926590
5286048974
6250543526
1341682635
3118881090
4502376684
1831039526
1845892471
3059143559
1701909942
1715096913
5977810202
8582915667
7509770532
6228669622
8412994865
5999011839
7562005102
9270426346
3232447691
7809895537
9465710606
8923039144
3109499745
2298640499
2295722041
6776575492
8687030272
8053426844
4732249126
9536384027
3080661089
2185453974
1981200197
8003238634
8102617499
5775985686
4040725702
7707843379
2153989099
9487827665
2270314742
8644569896
3705060724
9954723115
4071018749
3415153217
9862227877
6937571274
8935278106
5110034381
4004385240
3938750956
1148300277
3625576359
2395005319
6803644935
6960280042
8717397891
7978184788
1897685230
4911591325
1539620572
1078150025
2078303692
1187439265
3493084747
3514696895
4749412025
5946182264
4950319856
8881690804
5017057849
9314917767
8979840879
2256435055
5261981273
9425015637
9990462968
3936154604
4846589337
6561608147
3783436743
2632409443
3502208442
2303447970
6017664417
9724391265
2441270464
2980619817
6532724143
9200510406
8574924859
6551304132
4092608326
1594677437
1801773767
6035897307
3667417473
2962317231
1670307520
1866254410
1466866016
1835471649
4250927302
3254507622
9955746868
3923307120
2424799607
6546240014
9689982937
9647272612
9073327469
7142980260
4880565790
9158531093
9536152284
9140557114
3707974682
5275497387
8390813526
7747655552
4842813067
8764750238
8376684936
8420905132
2776327741
9806008526
4534036594
6055316742
9609453481
7616889354
9849752064
3952850518
2176740665
8979934369
5073346987
7700760279
7573237831
3038808742
2902326538
5517966290
5040073758
7918104287
2081989109
1510813964
8687924658
9329726696
1226330061
1864925393
3072210853
1210600817
3692116428
5102189507
8051407238
1725265043
4540238850
4076888849
3623422820
2037600025
6058036704
3393802801
8140295292
7263810819
5416247676
6688436264
9775704902
5211844237
7058987940
4110021215
7653878377
1049136207
2529405971
4232645329
5448985228
3784479480
5770180615
3085880105
1430252336
9882061753
7009346630
7845687005
1925413998
1805433575
4324465134
7992982844
3209782710
1400624489
9452661297
1450643770
8083287514
3639445858
9920751859
8600698444
3417917561
9654362256
2747243763
5451949541
1688278111
8704220057
7405666620
4870282938
8360652288
8661927799
5277076126
9339283223
4070990871
8644859120
6012711909
5975045534
8479345136
8343716710
9252911126
2601812287
6000942059
3042150163
5591253056
4518908085
9077339888
4925479437
1800376153
7178649546
3768640410
5148957161
3320191377
1285757136
7510655219
8741466953
6721557097
5114757497
1256623513
5391278435
1290137863
3968711982
4993328137
9921390247
9722872174
6812528044
3243314410
3728671131
7577643311
1173539240
4070260105
1245175318
6008272738
5385263512
3998417131
7271147991
1584951751
6866558795
7514666671
5486974760
3975881755
4290409627
7590975240
3678550758
7765450206
7273712882
1627498626
2245927367
2714723394
6236954414
9527855734
9460997406
3124281741
5292960314
1706929283
6747912765
9324407244
3457500691
5609025046
6264389895
3407518346
7354545568
2022449094
2463362013
4861120445
1160393002
4987271077
5886383353
2009132458
9381259626
2692065923
5088651711
5671746341
4790460890
6349755735
8887372575
5785035001
5709263164
2066226207
1086005738
1337020097
8383215529
3612691846
6674908087
5955588811
2177204995
8047652029
6227353057
1949925152
5109630988
3438690890
3541600841
4118600162
4333742605
7577288744
7075018927
5636209871
8152887644
8703332176
6056024913
7497146927
7218110145
6721759080
7670290366
1928382232
2107352305
1564174087
2532545288
9937157634
6170700436
1677415647
4762891465
5236880637
1909016889
6474840690
6909411543
4765314586
1223695959
2493334229
4530661971
6485853834
7157655152
7365443806
5347294455
2023255745
7831037019
2171856739
4391812687
8612707997
1294858235
1993291486
2141094637
9926477423
6141623461
6205500377
7657572571
2655190423
8528638350
5654225830
2580603181
5971186683
4941714566
2833294622
1188665352
3334848008
8940943069
5965185502
2249263821
9241355010
2118286988
8579225893
7346334921
2639384696
4879781092
8122986278
4479783738
3235871550
3908653923
1966863092
8774344164
9766480236
1744062367
1539589805
6171626654
4297918158
2911571784
4342535452
2860746950
5545554934
4999034964
6962000397
9716300635
1959574555
8238646334
3357126437
1652158974
8709407697
8955220045
7773800355
4267769062
1703606312
3161775840
5755122728
2450206818
3414809944
9018116247
6638590592
7503583892
7635243186
8395974851
1576975674
9435244672
6200988514
5643952485
1719943382
2062820896
4788604967
2612402795
1211744364
6006625659
6250262416
3792389240
5222913496
7599512407
5864253208
2797300652
9394170446
2027026324
9943060752
9360305977
3538925438
3913439889
8947178835
1383438324
6387746262
9960109390
9297801675
7190868706
5692310632
9675618708
9337609407
3233515357
6348625147
1304642433
5710379603
2815984298
7246016037
8331678492
9859391701
6150946927
9033397275
7983115941
8776399971
7930875370
3426192451
9461104515
9188804012
9717652517
5531039767
4862662213
1173452524
5120787595
9127756144
1884241399
8907446285
8247911306
6020206715
7965988769
8688009059
2832496784
5788126962
4158321446
7357215103
4990020226
7182280782
8008329999
3302651048
5286098236
8377270619
5420636968
1745225198
2217945628
8205653891
3427759870
7091580180
5955231425
2083636015
9066362540
5930472832
5137477039
2517519263
3190833964
6258943810
6159700759
7833663144
4140410918
6395900549
3876866108
7096818352
9224056337
3846502918
1531880023
7782392800
6311620592
6672695961
8313782713
2816669381
4192330667
7598464179
5262011547
4370119715
5175383430
8482638795
8334790572
8976694393
7667312516
8620455843
7760722398
7921183724
1163316563
4812418070
5222798089
8679095350
5299810829
1045911661
4380869896
6698172412
4450648373
9001581555
8687078987
5687746455
8595432901
4983335135
2323837585
2258264923
1574853155
1228164454
9982350536
3557294217
6279837845
3468800639
2822115417
9112567787
4157193592
7039806202
1291560493
8040912127
3757370554
7937773541
7916397320
3847157125
2112080846
5773561533
8662366826
3555429130
9193872788
1834717052
2825993360
8104128387
7897011995
4909989196
7890815137
3606730573
7922560009
5313569835
1501554074
1712594198
3855796305
2534947949
5063506176
3054344715
1528880503
6783433065
9286045902
1683598968
6193141949
3755129814
8567233867
6505920134
8671918245
7769880127
3900514508
4954890038
5790973945
5897631967
6667023846
9892911212
3689054491
6736833645
8154729706
7622913131
5462320794
3567185935
3046472989
6855058034
5725639028
3175323905
4645757324
5668777945
9712287307
1112147852
6639737275
9903425466
3190713445
3152343148
6218664828
5341680571
8335525957
6530354369
5883868496
8149459972
6640174388
4628624234
2843002894
5883345488
2568524642
5850217929
4822325219
6882401498
1497160233
7515838337
7707571054
5567651718
4360505733
9076099325
8851320082
3968690998
3157962448
5134423911
5627546115
7220652295
6087663951
1654258388
1078617027
9280585906
3599722786
9006124043
5341741415
2091406339
4140018072
6994961812
6983067236
9259800611
2367557760
3977737489
5147524986
4921943356
5429863918
9666783957
9239318834
7817927422
6261689394
8553233910
3028788210
6842635520
3782510961
6788381060
4679430951
8393022627
7115642023
7445016205
5758164990
3772496560
1570905131
7014701081
8917352636
5338626625
2114101743
3476284533
5091243523
6879007871
3648994819
1846046498
9352016787
4067027114
1333960364
3617338144
2207438948
8940966487
6162000293
4726710310
8491842521
7096767582
2084863661
2749028094
8676151681
3227438035
5066402190
6043855135
4839849811
6430634364
2153372172
7112959197
9109350947
3585487667
5711794064
2443388425
1125013513
3727185594
4503091636
7018698633
2877007961
3539313261
3696098430
5676198848
4088293814
1230289035
3532443607
3832975969
4351429484
1477448882
4334199596
5089292971
8069606321
6954609160
1564130406
4523747789
6479726287
2767511052
5907658861
5383860940
4048761387
4306042896
2849732907
2461828488
9823672298
9870266053
4856582171
5639689671
9674930536
3656863909
9008287639
4381293694
6874837713
4516733273
4318096221
9609194165
7053400686
5737201166
2944746593
2533296077
2397592502
6801356138
3812842164
3971928554
7269527866
5908088464
4344674510
8399747579
9753159155
5644593354
7414379527
8567830608
3770104950
6448285262
5351162022
3721558673
8872809878
3463650830
2683791105
1205590975
7975081869
2163936941
8641256997
6175822661
5097487610
5519615839
7979742766
9311088467
9960497781
2380750770
4569970475
3277168465
7191285222
3986687278
1124567520
4306635259
8281949509
8911945661
5103718073
7153576445
7303050188
1902566627
8112708385
7243367805
7676407051
5360008653
4586289065
6195841697
4315501514
3804174920
4636224539
6039898247
2001523733
2679977597
8215377701
3194933451
9752474798
5205464577
7819021536
3302360877
3010335770
1781310104
1924525095
2644696322
8765985020
6705085815
4138705421
1664333383
2947361752
5388462990
5360503971
9695758285
3576556430
6812102303
5016714816
8641329843
9748749929
5401470002
6377061804
5367560884
9794030884
7005828053
8281474703
6842501026
7169445840
3223504352
3345254991
2993394132
9374589697
7346890653
8785834022
6174711183
3736019749
3347498221
3020829912
5965510777
3926838625
3401452736
1483468073
5230124197
6037708730
6194095993
4404267776
2728531523
4538558034
5859878271
1358129187
7605059953
3565179432
5735359669
8110887399
6629847392
2289689079
6501336004
6675990889
7509912817
2215120987
5090004830
4698382714
2940537341
2941227275
1415188528
8059545488
5438923920
5054974654
9005123736
8879099387
6530260619
6251469354
5307456127
6418052607
7871820520
2104889562
2774012961
5448120812
4303396497
1259936965
9840461250
7840805377
2768826780
3104328432
8428979697
4256264702
4236993196
1571116290
9955931025
9618061755
2991334020
9969386933
9415428846
5606461310
4363532017
1055051125
6206019261
2699327289
4052416203
7872021563
3494213747
4130817355
2378534262
1339755536
9023008830
8587569478
2381918814
1178023588
3125595002
3036440129
9137868939
9751005804
2366124830
8992291356
9008782353
4146344071
2289473047
1727143254
9851742906
5896436348
2639979254
2666203485
5871952318
1517682258
7322130890
8781168992
3828662831
7975297460
3619580909
7426274255
8162645928
8494888166
9395314440
9512318684
7210130455
6044051679
1150365329
5518403332
8494256995
6029339289
9125704612
4384981062
1928970882
7709322566
5812675167
9258412246
7759732359
3056861201
8270251951
8680904243
2238761058
9264346492
8028169884
2108491353
9709562845
1171441984
1038895491
5318159163
2805886402
5963739895
5380029651
9971664043
9261143513
9101157825
1773685326
6128723736
5417881108
9259756164
1645798461
5103055997
5385553000
6946775173
4040218506
8842423493
7854895325
4592929313
1995646640
2613687874
1197536245
7513274288
1585155961
5368982187
5923820643
4222370523
3574566535
9654626182
7706073593
1046415968
6688465225
3821235184
6001942292
1825460786
6921842169
6851380957
8668124698
1437712082
9484223746
2490048399
9212302783
5305786845
6615942723
4841918940
8193637020
4322021860
4637822839
