985617923254
113733937304
771173017718
711781705059
897272510021
946348693894
684440475218
595520768031
512397132719
527321534900
229391489281
996016394260
790876676760
221948504395
780170832922
262934624545
119049409417
204739479932
519922596202
603620548571
482273335071
214311508602
929772009982
347061308826
366029566064
413686430657
407871050611
549057545383
993435832062
845629504969
242786777002
152450063614
261131909495
197351640219
699180990128
663160814621
638069420777
821056460284
746143031471
319038790052
974834475002
316704607050
516904143369
108047565257
355414057115
126796278597
385529130012
541552644961
149242747906
670568134081
920855153459
788988483869
811436343664
458847810289
847528689193
500848610657
311720515827
569925792362
172766517955
400646513840
904367535254
721101742679
643327559744
314807730067
578716140324
274907129463
541860834271
715650974205
738833783319
104775216615
892019915929
224155893117
851628906225
547984100551
547805112170
593373877449
850416592657
427859382648
324990548532
956920337573
644327530995
246529644953
888818835458
946781225058
543773548389
528165711711
765425369023
625807954565
822596148979
642242426369
161268869406
651232863419
368982249310
422822738535
389489419871
965635964241
660036612188
723584714690
656465161603
211829559986
350420253036
604712680042
307065356405
607839074343
392765187115
555649110692
899011474518
922560378789
872959101583
646395532037
772605378881
684084272163
505047072133
812234590816
933894206250
751472757537
500121803591
485930018677
510211406900
639046877407
506882775090
910754752341
253324453205
354911294748
661850933603
883841102257
524797966056
120833802802
622989042897
711165733115
235367733950
982232934395
206399485656
947591309618
887990713912
632226010209
768103942613
266119390698
864015529992
624620784713
194179013358
687286157967
615486417363
242012386631
429250728783
627871248962
390503045865
829993046552
630798423144
992086298899
568410439789
567421646544
296874849145
324104554631
505428008260
527280244416
197893815372
131756130908
496722412144
721580475405
421666367306
533066808465
355940996853
113444732736
755190129957
745820517874
658312487216
474510497974
427257954991
372351335379
247047791840
370946010028
918817324415
951700084475
471285070113
437355625021
587757851568
764830450541
102634426279
391774355106
738951550924
474729823562
816332640217
484083227557
772356845679
698229323166
178724370671
867087620466
286601070415
503755897739
260167254499
513404600272
142177825525
388298291859
167905786613
148194267630
403832123366
475395988813
752739044223
117767023426
574639957099
910276233092
453625960521
431115224447
895033388894
273529712549
126043041711
767555710758
519025299269
507995915622
182759585440
187167182130
794013861406
662956618675
842200302474
287672651412
633044452005
317997112834
332911152833
654128186364
150203531818
558137487585
687047353462
112615706401
514491807754
472394242387
807816523017
516113173931
416974764474
835437764713
462744791847
760011904067
857348079980
123686863987
491381185254
959530530968
612871293839
455248328332
905473902829
915711533549
932997667867
725250912788
785610362205
286420481036
229220065170
765944857844
807283638520
997896651404
900931437543
320156450942
816370166039
676568788241
762738155655
169554751394
930536782763
200915618215
616068991044
748010402832
162181677303
553706982736
286129701329
695197016392
520789534087
520025643742
346723008268
600912402449
236881429206
686868025517
449288274737
116558450153
396435685307
205565532244
940647999454
881769810127
696133613152
592919903325
901574655306
856706661616
378241197340
670783544438
237218953933
547819185283
108468273055
260404213346
272743898472
901845597414
468380227882
256641488707
524472061917
834650502846
973568935187
313304712837
711151701431
491845088625
129966284499
694665989064
650523870277
280297522931
312261592960
835713654015
110825411702
910640295460
939594474321
963482339731
392829350683
633818880046
630371118585
481347947751
738473545577
807287761211
837569945762
810285081871
484207384429
498188451971
452022143932
387935976423
205973471809
980868868490
617199581597
500840437976
433050962117
554931402263
261456427534
710473815232
535387494773
489179640097
545693488990
916255657041
166382883548
795927178450
904047587413
946964608216
541519595857
321360561554
863774598193
718780640556
532035795215
279944031913
377034056976
133821683538
253316738305
269006144622
721025512751
493291145569
155218398986
620000945401
755999652815
214267209987
531861441672
507547869561
416603242401
548967998100
130784461828
533973425152
491831208721
504698523510
496245737249
428207203561
970716312930
485723029231
283845170818
195403154418
750083844800
957366472768
900235560611
743653082562
879839951766
646219897450
803876537421
649977440294
572610622972
610501799689
900452324375
959602799978
466219222873
358460878393
510040224927
243473972107
767150473963
761747832640
874742622306
574940997498
129888497855
518865270515
502872599023
725332337269
979952342442
566284793345
288668443789
984169695404
488940210589
388474399763
414948584890
824812085362
129299080837
891545766423
206781100538
290260503797
188626735663
623243479701
579480207775
495282105040
843816347610
677249818602
747165164874
412016169895
191732326530
313648913529
440475340628
268652272629
322495450619
510221189014
148835146062
280691737310
675225000850
666594515874
669603417638
639200578596
655834184295
652866064265
242006783761
787566351723
503538861250
851359059463
758879283738
917470819667
295845265027
181895417711
807634238367
691479100306
542601923022
153933781116
568402660827
280782612624
465443452479
433070060478
879590076911
571197142006
482793836511
212565543989
826973291399
578192931129
907632436297
109953943106
114780569293
523984299295
614316046064
893698883730
380647817778
344886153665
297163474035
376298479869
938601917078
199610740088
115728088466
820964259026
216680873099
664630854421
935216022967
372618859503
935687503678
608003379850
358912132993
571681271702
392642046505
903034491489
110992775518
299140113286
371990464216
284387545792
840458518288
247643792874
501535790282
469865015528
139030798240
493089337300
982993316887
467888270464
683317581638
998750284820
488671446562
770991546272
870204520970
644999502740
564907513588
508181543577
802118635932
127188548398
303743943047
183865109441
593830784630
943176176539
987477536013
552073594821
411739687002
654660660940
814221264527
100482175896
567764464142
344143639461
406309372330
425028263304
467646405567
163228194460
806206109593
299504752558
520167268497
137950640530
500492432762
802772361592
320962215612
821201924017
709658837500
127876094558
659845617103
613770633126
507063040755
570824868033
645586747720
919754444204
881752206428
769427705408
720829974974
430029760767
471310103030
862146547795
485415551319
777876332546
559666155988
459289456113
813979505218
870119001326
786065792456
143240859831
441883281441
419727192429
139459167767
192783616323
705504712327
598450488659
924560882301
104069744335
653865952709
641917843547
166941369912
196664470059
375050920825
364391535807
446440841369
873269342469
238067445168
953839664214
229246539199
575172445584
379306828414
611433762942
692314822638
248460190293
801183230982
873654811460
487694595413
147985889501
178689185165
947460035564
291198221631
369650873329
541336783648
889895308177
471890556606
457948774221
741174815980
847475567428
718025496482
650732571694
811845486852
252847387439
396971555894
214981143534
575910548014
513533161106
775915247490
871817297855
502844784142
683583047832
690207264195
327453865176
125623256856
961407256534
758467190093
629701617604
486278211457
814963226133
774311947688
265990246616
365530853685
405343196532
198949847076
674947185468
839424436273
870225971455
764118384989
957135955829
292212096280
705398546921
934418910831
602330461978
165366617475
346120184052
528535624755
852879111873
838246868923
932285742304
522112528078
247308967347
545746340220
307119628856
772388008060
248906745430
224468627270
350346026470
968132816478
636616864097
991005292390
738175869619
965491418855
111269336043
397176670516
221192960620
558818218067
229694924063
433198432913
918342867332
133946173239
537596307640
237604152825
891524387653
150352169427
256224158541
804592764931
587068408532
386287509356
249399545599
863716552042
875153841896
636095359292
170603095132
466117257511
801346911181
277112438948
542594128667
745460761642
573303685470
518469599750
864670980633
798954566637
394073205507
366956564388
696730983564
903350943917
227298711579
768987883604
649525937761
889232766924
356342595104
405369511020
512088303958
307833985167
464949811097
165754944286
519945565892
725071868015
863719777743
176689258751
112832854129
305355150022
183593914294
217965797061
361035711365
153869344746
526688153486
647457962841
981127326314
270827943858
238676715369
152302466879
977661502573
653203327233
790657902889
898010954469
446508329891
822648273401
224921944429
551213806861
495761247332
494325448622
179185869148
406064184502
264924241878
774524554195
289945842041
997476786433
294433857466
458917745486
182581918313
788541994651
939758352721
774441600561
238861539645
774010238396
304604182330
303367798281
331815779149
357135937603
438874797322
728486006997
462988062641
780362775095
453891368628
961034688883
715588130756
791098202985
385397673256
711344590294
758019878024
926434691777
125437029875
544758057332
350118982107
341936329907
209684457577
842190557607
829439543693
422072260576
868034137676
591922594103
734914731413
140845888046
372680951564
536620703250
536762463054
133883126210
293407561756
595603406331
519545142930
454858346523
129464060017
268573053513
179801401551
196696454288
132830282607
797954519255
322072426704
398651017437
201844104584
806879238060
522509631904
744320097327
481218625597
924537839056
211660291395
784626026652
544544525729
697002142383
826427746738
545301521083
415350240223
877595204630
818694204171
831795770863
574804124838
694465058178
380037285266
634356992344
974988275615
357159942434
142675733645
471230712462
268675227057
882087657814
892566072822
498568347718
855518583329
693963630832
590554844470
623767322661
404906680791
590633183522
501467711480
200712699586
441984519603
646458061299
544274775426
711027737457
293783972758
884030807321
867679913017
340391464571
603304351401
435409248833
337129232281
262226998824
315910527339
857281005826
959239476742
703204811576
189690876212
126912202602
423519893201
490801170953
203138658288
864428534505
957519004936
527815301151
966798649578
200633775088
331548426881
918828989908
919191046887
536760495613
582359583088
247386802133
663171749394
905650583636
867436865473
356081036423
283350821591
261679771559
504976809896
460528308603
487398631776
667055415088
964584649148
796327973998
873713758520
193269239327
603994657580
348499798640
581565386835
334394993016
561619925383
628523321971
660873200611
891043919255
450833442371
415673187395
681111658545
691019345743
346329862312
266171446141
607444393584
536623173859
422930710175
714706110325
948833151356
986133833634
663132548552
698875223574
963203119867
553025761831
398764555315
975509574238
181505859666
824885404587
916699879866
353240153339
104928707322
464399769316
782914242744
443810827139
630574375641
407256287344
400757310607
234155467126
549267506342
788566560809
165267525270
812159367835
488903472417
143706189130
513270067105
220724657170
902606957667
423757005452
450110514441
132653703621
217291287187
567394597379
475798915263
538530412821
382650377424
537495611760
724693429717
202906543906
665276005589
110051828334
257855292025
195920233277
906910869994
246060339079
993728418827
819604100602
262982723516
859303673019
569502259092
539199368137
751720123384
928624550599
511090325113
999627378101
104638873052
194793511190
475754590597
886241342184
178002556684
726481969809
290853762493
737652246907
554698547381
191821361234
759371829664
959656913030
430543473332
541209941554
680878691843
885731017271
459384210787
696122788756
669643820118
895322114205
799809016397
340928193326
342119656548
109862083947
565078591064
804587679381
441768470604
273021705134
799654740145
528651838285
911413003517
750685665820
246256154026
507307209262
329177373611
971034653626
678696808715
151490257163
651227189793
462420145425
104978637209
122164839919
802307918908
125352447282
986268239802
135889765479
286916270676
344966206510
975530103866
204738711656
375085422138
535056097339
235825161325
494063030388
118199343958
925650623636
177933640450
784607319065
875244654845
652019974141
164591993761
698861072226
605547261350
208431921452
600079963030
262749756184
466769948458
624493233511
756772182531
445719953238
114553408695
227645560147
793102047808
298992847766
672894515508
278142722735
442817246307
694865521775
688699575012
512556442667
607574120618
420248304769
193313314811
475306719655
892114614653
216432111075
608392618725
539691976506
340965345524
127397393144
992489376365
